22
000:00:00        0    0    0        0  0
000:02:42      162    3    0        0  0
000:09:00      540    3    0        0  0
002:44:16     9856    3    0        0  0
003:15:00    11700    3    0        0  0
075:49:50   272990    4    0        0  3
080:11:36   288696    3    0        0  0
100:12:00   360720    3   47        0  2
101:36:14   365774    3   40        0  0
102:33:05   369185    3   63        0  0
102:38:22   369502    5   63     1202  0
102:39:00   369540    5   63        0  0
102:42:00   369720    3   64        0  0
102:44:00   369840    3   66        0  0
102:45:03   369903    6   68        0  0
109:07:33   392853    6    0        0  0
124:22:00   447720    7   12        0  2
124:30:00   448200    3    0        0  0
127:15:00   458100    3    0        0  2
128:03:00   460980    8    0        0  2
135:23:00   487380    3    0        0  0
195:18:35   703115    3    0        0  0
