000:00:00        0    0    0     0.00        0     0.0    0.0   -0.0 ******************  1
000:00:00        0    0    0     0.00        0     0.0    0.0   -0.0 ******************  2
000:00:00        0    0    0     0.00        0     0.0    0.0   -0.0 ******************  2
000:00:00        0    0    0     0.00        0     0.0    0.0   -0.0 ******************  2
000:00:00        0    0    0     0.00        0     0.0    0.0   -0.0 ******************  2
000:00:00        0    0    0     0.00        0     0.0    0.0   -0.0 ******************  2
000:00:00        0    0    0     0.00        0     0.0    0.0   -0.0 ******************  2
000:00:00        0    0    0     0.00        0     0.0    0.0   -0.0 ******************  2
000:00:00        0    0    0     0.00        0     0.0    0.0   -0.0 ******************  2
000:00:00        0    0    0     0.00        0     0.0    0.0   -0.0 ******************  2
000:00:00        0    0    0     0.00        0     0.0    0.0   -0.0 ******************  2
000:00:00        0    0    0     0.00     1202     0.0    0.0   -0.0 ******************  2
000:00:00        0    0    0     0.00     1202     0.0    0.0   -0.0 ******************  2
000:00:00        0    0    0     0.00     1202     0.0    0.0   -0.0 ******************  2
000:00:00        0    0    0     0.00     1202     0.0    0.0   -0.0 ******************  2
000:00:00        0    0    0     0.00     1202     0.0    0.0   -0.0 ******************  2
000:00:00        0    0    0     0.00     1202     0.0    0.0   -0.0 ******************  2
000:00:00        0    0    0     0.00     1202     0.0    0.0   -0.0 ******************  2
000:00:00        0    0    0     0.00     1202     0.0    0.0   -0.0 ******************  2
000:00:00        0    0    0     0.00     1202     0.0    0.0   -0.0 ******************  2
000:00:00        0    0    0     0.00     1202     0.0    0.0   -0.0 ******************  2
000:00:00        0    0    0     0.00     1202     0.0    0.0   -0.0 ******************  2
CHK=          0  N=  22  FINAL POS    0.0    0.0  -41.0
